year	eccentricity	obliquity	perihelion	climatic_precession
-784000	0.025938	0.418087	-4.027603	-0.020090
-783000	0.025758	0.417323	-3.717942	-0.014037
-782000	0.025543	0.416352	-3.408119	-0.006727
-781000	0.025291	0.415197	-3.098017	0.001102
-780000	0.025003	0.413882	-2.787524	0.008669
-779000	0.024678	0.412436	-2.476540	0.015229
-778000	0.024318	0.410887	-2.164973	0.020150
-777000	0.023921	0.409264	-1.852738	0.022976
-776000	0.023488	0.407599	-1.539761	0.023476
-775000	0.023019	0.405923	-1.225976	0.021664
-774000	0.022516	0.404267	-0.911323	0.017794
-773000	0.021977	0.402660	-0.595748	0.012332
-772000	0.021405	0.401132	-0.279201	0.005899
-771000	0.020799	0.399710	-6.244818	-0.000798
-770000	0.020161	0.398421	-5.926175	-0.007046
-769000	0.019492	0.397286	-5.606401	-0.012208
-768000	0.018792	0.396328	-5.285425	-0.015790
-767000	0.018064	0.395564	-4.963159	-0.017499
-766000	0.017307	0.395010	-4.639488	-0.017261
-765000	0.016524	0.394676	-4.314259	-0.015232
-764000	0.015717	0.394573	-3.987268	-0.011763
-763000	0.014888	0.394702	-3.658236	-0.007354
-762000	0.014038	0.395066	-3.326790	-0.002585
-761000	0.013171	0.395660	-2.992422	0.001957
-760000	0.012290	0.396477	-2.654440	0.005753
-759000	0.011399	0.397504	-2.311900	0.008409
-758000	0.010503	0.398725	-1.963504	0.009704
-757000	0.009609	0.400120	-1.607460	0.009603
-756000	0.008726	0.401665	-1.241295	0.008256
-755000	0.007865	0.403334	-0.861598	0.005969
-754000	0.007046	0.405096	-0.463774	0.003152
-753000	0.006293	0.406919	-0.041971	0.000264
-752000	0.005642	0.408768	-5.872952	-0.002250
-751000	0.005142	0.410608	-5.385938	-0.004019
-750000	0.004850	0.412402	-4.867077	-0.004792
-749000	0.004810	0.414114	-4.331812	-0.004466
-748000	0.005034	0.415709	-3.804592	-0.003098
-747000	0.005496	0.417152	-3.305943	-0.000899
-746000	0.006143	0.418410	-2.843891	0.001802
-745000	0.006927	0.419455	-2.416373	0.004595
-744000	0.007807	0.420260	-2.017264	0.007041
-743000	0.008753	0.420804	-1.640169	0.008732
-742000	0.009746	0.421068	-1.279775	0.009336
-741000	0.010771	0.421042	-0.932012	0.008647
-740000	0.011819	0.420719	-0.593837	0.006613
-739000	0.012881	0.420098	-0.262985	0.003349
-738000	0.013953	0.419188	-6.220933	-0.000868
-737000	0.015029	0.418002	-5.900006	-0.005619
-736000	0.016107	0.416560	-5.582376	-0.010386
-735000	0.017183	0.414891	-5.267246	-0.014605
-734000	0.018254	0.413027	-4.953981	-0.017724
-733000	0.019320	0.411009	-4.642077	-0.019272
-732000	0.020377	0.408883	-4.331131	-0.018914
-731000	0.021425	0.406698	-4.020827	-0.016502
-730000	0.022460	0.404506	-3.710923	-0.012108
-729000	0.023484	0.402362	-3.401242	-0.006029
-728000	0.024493	0.400319	-3.091669	0.001222
-727000	0.025486	0.398429	-2.782137	0.008965
-726000	0.026464	0.396743	-2.472630	0.016412
-725000	0.027424	0.395303	-2.163171	0.022751
-724000	0.028366	0.394147	-1.853819	0.027237
-723000	0.029289	0.393305	-1.544661	0.029279
-722000	0.030191	0.392799	-1.235806	0.028513
-721000	0.031073	0.392639	-0.927380	0.024860
-720000	0.031933	0.392828	-0.619515	0.018542
-719000	0.032772	0.393356	-0.312344	0.010070
-718000	0.033587	0.394206	-0.005997	0.000201
-717000	0.034379	0.395352	-5.983775	-0.010140
-716000	0.035146	0.396758	-5.679412	-0.019954
-715000	0.035889	0.398384	-5.376175	-0.028269
-714000	0.036607	0.400183	-5.074126	-0.034238
-713000	0.037300	0.402105	-4.773301	-0.037231
-712000	0.037966	0.404098	-4.473713	-0.036890
-711000	0.038605	0.406112	-4.175352	-0.033171
-710000	0.039218	0.408094	-3.878183	-0.026345
-709000	0.039803	0.409997	-3.582150	-0.016974
-708000	0.040360	0.411778	-3.287180	-0.005855
-707000	0.040888	0.413396	-2.993182	0.006046
-706000	0.041388	0.414819	-2.700051	0.017687
-705000	0.041859	0.416019	-2.407674	0.028036
-704000	0.042300	0.416977	-2.115929	0.036169
-703000	0.042711	0.417678	-1.824689	0.041341
-702000	0.043091	0.418116	-1.533826	0.043062
-701000	0.043441	0.418290	-1.243212	0.041131
-700000	0.043759	0.418206	-0.952724	0.035664
-699000	0.044046	0.417874	-0.662244	0.027084
-698000	0.044301	0.417311	-0.371661	0.016089
-697000	0.044523	0.416537	-0.080876	0.003597
-696000	0.044713	0.415577	-6.072984	-0.009330
-695000	0.044869	0.414457	-5.781539	-0.021576
-694000	0.044992	0.413207	-5.489664	-0.032072
-693000	0.045081	0.411858	-5.197314	-0.039883
-692000	0.045135	0.410442	-4.904454	-0.044305
-691000	0.045154	0.408992	-4.611071	-0.044923
-690000	0.045139	0.407538	-4.317162	-0.041659
-689000	0.045087	0.406113	-4.022740	-0.034784
-688000	0.045000	0.404744	-3.727834	-0.024896
-687000	0.044877	0.403460	-3.432484	-0.012871
-686000	0.044717	0.402284	-3.136742	0.000217
-685000	0.044520	0.401239	-2.840672	0.013196
-684000	0.044286	0.400343	-2.544344	0.024905
-683000	0.044015	0.399612	-2.247840	0.034306
-682000	0.043706	0.399056	-1.951245	0.040581
-681000	0.043359	0.398683	-1.654653	0.043207
-680000	0.042975	0.398498	-1.358158	0.042007
-679000	0.042552	0.398501	-1.061861	0.037159
-678000	0.042092	0.398689	-0.765861	0.029176
-677000	0.041594	0.399055	-0.470260	0.018847
-676000	0.041057	0.399588	-0.175159	0.007155
-675000	0.040483	0.400277	-6.163842	-0.004820
-674000	0.039872	0.401106	-5.870034	-0.016008
-673000	0.039223	0.402057	-5.577016	-0.025453
-672000	0.038537	0.403109	-5.284875	-0.032393
-671000	0.037815	0.404241	-4.993699	-0.036329
-670000	0.037058	0.405429	-4.703568	-0.037056
-669000	0.036265	0.406649	-4.414561	-0.034668
-668000	0.035437	0.407876	-4.126752	-0.029532
-667000	0.034576	0.409083	-3.840216	-0.022238
-666000	0.033683	0.410246	-3.555027	-0.013532
-665000	0.032759	0.411338	-3.271261	-0.004236
-664000	0.031804	0.412336	-2.989000	0.004834
-663000	0.030822	0.413215	-2.708337	0.012940
-662000	0.029813	0.413953	-2.429374	0.019484
-661000	0.028781	0.414531	-2.152234	0.024051
-660000	0.027726	0.414932	-1.877063	0.026436
-659000	0.026653	0.415141	-1.604036	0.026638
-658000	0.025564	0.415148	-1.333368	0.024847
-657000	0.024463	0.414945	-1.065320	0.021404
-656000	0.023354	0.414533	-0.800214	0.016757
-655000	0.022244	0.413912	-0.538441	0.011407
-654000	0.021137	0.413093	-0.280477	0.005851
-653000	0.020041	0.412088	-0.026896	0.000539
-652000	0.018966	0.410918	-6.061566	-0.004169
-651000	0.017921	0.409606	-5.818904	-0.008025
-650000	0.016920	0.408185	-5.582980	-0.010903
-649000	0.015977	0.406687	-5.354724	-0.012793
-648000	0.015111	0.405151	-5.135018	-0.013781
-647000	0.014341	0.403620	-4.924535	-0.014020
-646000	0.013692	0.402135	-4.723489	-0.013691
-645000	0.013186	0.400742	-4.531350	-0.012970
-644000	0.012846	0.399482	-4.346573	-0.011996
-643000	0.012689	0.398396	-4.166522	-0.010845
-642000	0.012726	0.397521	-3.987699	-0.009528
-641000	0.012958	0.396888	-3.806310	-0.007993
-640000	0.013376	0.396522	-3.618948	-0.006145
-639000	0.013964	0.396439	-3.423134	-0.003880
-638000	0.014702	0.396650	-3.217517	-0.001115
-637000	0.015568	0.397155	-3.001770	0.002170
-636000	0.016539	0.397945	-2.776313	0.005908
-635000	0.017596	0.399004	-2.542012	0.009929
-634000	0.018721	0.400304	-2.299937	0.013961
-633000	0.019900	0.401814	-2.051194	0.017647
-632000	0.021119	0.403494	-1.796829	0.020582
-631000	0.022369	0.405300	-1.537779	0.022356
-630000	0.023639	0.407183	-1.274855	0.022611
-629000	0.024923	0.409093	-1.008739	0.021089
-628000	0.026213	0.410978	-0.739992	0.017675
-627000	0.027504	0.412787	-0.469068	0.012433
-626000	0.028790	0.414472	-0.196324	0.005616
-625000	0.030068	0.415988	-6.205222	-0.002342
-624000	0.031333	0.417295	-5.929597	-0.010850
-623000	0.032582	0.418357	-5.652781	-0.019206
-622000	0.033811	0.419146	-5.374871	-0.026659
-621000	0.035018	0.419641	-5.095924	-0.032474
-620000	0.036199	0.419828	-4.815964	-0.036005
-619000	0.037353	0.419700	-4.534989	-0.036767
-618000	0.038477	0.419258	-4.252977	-0.034487
-617000	0.039568	0.418513	-3.969893	-0.029153
-616000	0.040626	0.417480	-3.685692	-0.021030
-615000	0.041647	0.416183	-3.400328	-0.010656
-614000	0.042631	0.414652	-3.113754	0.001187
-613000	0.043576	0.412923	-2.825930	0.013528
-612000	0.044481	0.411037	-2.536825	0.025290
-611000	0.045343	0.409039	-2.246422	0.035382
-610000	0.046163	0.406977	-1.954720	0.042802
-609000	0.046938	0.404899	-1.661739	0.046744
-608000	0.047669	0.402856	-1.367515	0.046688
-607000	0.048354	0.400896	-1.072110	0.042465
-606000	0.048992	0.399068	-0.775605	0.034302
-605000	0.049583	0.397413	-0.478101	0.022813
-604000	0.050126	0.395972	-0.179718	0.008960
-603000	0.050621	0.394778	-6.163778	-0.006030
-602000	0.051067	0.393858	-5.864060	-0.020782
-601000	0.051465	0.393232	-5.563907	-0.033907
-600000	0.051813	0.392913	-5.263485	-0.044142
-599000	0.052112	0.392907	-4.962958	-0.050485
-598000	0.052363	0.393211	-4.662492	-0.052298
-597000	0.052564	0.393815	-4.362245	-0.049375
-596000	0.052717	0.394703	-4.062366	-0.041966
-595000	0.052821	0.395852	-3.762993	-0.030751
-594000	0.052877	0.397235	-3.464250	-0.016767
-593000	0.052885	0.398820	-3.166246	-0.001304
-592000	0.052846	0.400570	-2.869070	0.014224
-591000	0.052760	0.402448	-2.572796	0.028418
-590000	0.052629	0.404415	-2.277477	0.040025
-589000	0.052452	0.406430	-1.983150	0.048055
-588000	0.052230	0.408454	-1.689833	0.051861
-587000	0.051965	0.410448	-1.397529	0.051187
-586000	0.051657	0.412374	-1.106222	0.046182
-585000	0.051307	0.414199	-0.815885	0.037368
-584000	0.050916	0.415889	-0.526477	0.025585
-583000	0.050484	0.417415	-0.237944	0.011899
-582000	0.050014	0.418749	-6.233411	-0.002488
-581000	0.049506	0.419869	-5.946436	-0.016358
-580000	0.048962	0.420753	-5.660127	-0.028570
-579000	0.048382	0.421386	-5.374404	-0.038161
-578000	0.047767	0.421753	-5.089179	-0.044416
-577000	0.047119	0.421846	-4.804363	-0.046920
-576000	0.046439	0.421657	-4.519865	-0.045581
-575000	0.045729	0.421186	-4.235594	-0.040629
-574000	0.044989	0.420435	-3.951456	-0.032580
-573000	0.044220	0.419411	-3.667360	-0.022193
-572000	0.043425	0.418126	-3.383216	-0.010391
-571000	0.042604	0.416599	-3.098939	0.001817
-570000	0.041758	0.414852	-2.814449	0.013419
-569000	0.040890	0.412912	-2.529673	0.023489
-568000	0.039999	0.410814	-2.244551	0.031259
-567000	0.039088	0.408596	-1.959036	0.036179
-566000	0.038158	0.406302	-1.673101	0.037958
-565000	0.037210	0.403980	-1.386741	0.036581
-564000	0.036245	0.401680	-1.099976	0.032301
-563000	0.035265	0.399454	-0.812856	0.025611
-562000	0.034271	0.397357	-0.525466	0.017191
-561000	0.033265	0.395441	-0.237924	0.007840
-560000	0.032247	0.393757	-6.233574	-0.001599
-559000	0.031221	0.392350	-5.946239	-0.010322
-558000	0.030186	0.391260	-5.659337	-0.017633
-557000	0.029144	0.390522	-5.373137	-0.023010
-556000	0.028098	0.390160	-5.087941	-0.026140
-555000	0.027049	0.390189	-4.804083	-0.026935
-554000	0.025999	0.390614	-4.521925	-0.025529
-553000	0.024950	0.391428	-4.241854	-0.022238
-552000	0.023904	0.392615	-3.964280	-0.017521
-551000	0.022865	0.394147	-3.689634	-0.011913
-550000	0.021834	0.395987	-3.418368	-0.005966
-549000	0.020816	0.398091	-3.150955	-0.000195
-548000	0.019814	0.400405	-2.887894	0.004973
-547000	0.018833	0.402872	-2.629706	0.009225
-546000	0.017878	0.405430	-2.376941	0.012377
-545000	0.016954	0.408016	-2.130173	0.014370
-544000	0.016069	0.410565	-1.889991	0.015258
-543000	0.015232	0.413017	-1.656978	0.015175
-542000	0.014451	0.415312	-1.431671	0.014311
-541000	0.013737	0.417397	-1.214495	0.012874
-540000	0.013102	0.419223	-1.005660	0.011065
-539000	0.012559	0.420750	-0.805039	0.009053
-538000	0.012120	0.421944	-0.612023	0.006964
-537000	0.011798	0.422780	-0.425405	0.004869
-536000	0.011602	0.423242	-0.243346	0.002796
-535000	0.011537	0.423322	-0.063476	0.000732
-534000	0.011606	0.423022	-6.166318	-0.001353
-533000	0.011803	0.422353	-5.982881	-0.003492
-532000	0.012123	0.421333	-5.794088	-0.005696
-531000	0.012553	0.419989	-5.598251	-0.007941
-530000	0.013080	0.418357	-5.394317	-0.010155
-529000	0.013692	0.416478	-5.181813	-0.012211
-528000	0.014375	0.414398	-4.960718	-0.013934
-527000	0.015116	0.412172	-4.731328	-0.015113
-526000	0.015905	0.409854	-4.494125	-0.015527
-525000	0.016732	0.407504	-4.249697	-0.014972
-524000	0.017588	0.405180	-3.998666	-0.013295
-523000	0.018467	0.402939	-3.741658	-0.010428
-522000	0.019361	0.400838	-3.479281	-0.006414
-521000	0.020266	0.398928	-3.212116	-0.001428
-520000	0.021177	0.397254	-2.940713	0.004225
-519000	0.022089	0.395855	-2.665587	0.010122
-518000	0.022999	0.394762	-2.387226	0.015750
-517000	0.023903	0.393996	-2.106083	0.020560
-516000	0.024799	0.393569	-1.822579	0.024017
-515000	0.025684	0.393484	-1.537105	0.025669
-514000	0.026555	0.393733	-1.250016	0.025200
-513000	0.027410	0.394301	-0.961636	0.022480
-512000	0.028247	0.395164	-0.672250	0.017591
-511000	0.029064	0.396291	-0.382110	0.010837
-510000	0.029859	0.397644	-0.091432	0.002726
-509000	0.030630	0.399184	-6.083582	-0.006073
-508000	0.031376	0.400865	-5.792337	-0.014790
-507000	0.032095	0.402641	-5.500995	-0.022622
-506000	0.032786	0.404468	-5.209640	-0.028815
-505000	0.033447	0.406301	-4.918329	-0.032740
-504000	0.034077	0.408097	-4.627090	-0.033953
-503000	0.034674	0.409816	-4.335933	-0.032246
-502000	0.035238	0.411424	-4.044843	-0.027674
-501000	0.035768	0.412887	-3.753791	-0.020554
-500000	0.036261	0.414181	-3.462734	-0.011446
-499000	0.036719	0.415282	-3.171616	-0.001102
-498000	0.037138	0.416173	-2.880371	0.009591
-497000	0.037520	0.416840	-2.588926	0.019696
-496000	0.037862	0.417277	-2.297205	0.028304
-495000	0.038165	0.417477	-2.005127	0.034621
-494000	0.038427	0.417441	-1.712608	0.038041
-493000	0.038648	0.417174	-1.419566	0.038207
-492000	0.038829	0.416681	-1.125920	0.035049
-491000	0.038967	0.415975	-0.831590	0.028797
-490000	0.039064	0.415069	-0.536503	0.019967
-489000	0.039118	0.413982	-0.240586	0.009321
-488000	0.039130	0.412734	-6.226959	-0.002199
-487000	0.039100	0.411350	-5.929194	-0.013554
-486000	0.039027	0.409857	-5.630426	-0.023704
-485000	0.038913	0.408285	-5.330610	-0.031710
-484000	0.038756	0.406668	-5.029717	-0.036821
-483000	0.038558	0.405038	-4.727724	-0.038553
-482000	0.038318	0.403434	-4.424624	-0.036742
-481000	0.038038	0.401892	-4.120423	-0.031565
-480000	0.037717	0.400449	-3.815140	-0.023526
-479000	0.037356	0.399143	-3.508814	-0.013412
-478000	0.036956	0.398009	-3.201497	-0.002213
-477000	0.036519	0.397078	-2.893258	0.008976
-476000	0.036043	0.396380	-2.584181	0.019067
-475000	0.035532	0.395938	-2.274365	0.027094
-474000	0.034984	0.395771	-1.963918	0.032316
-473000	0.034403	0.395891	-1.652957	0.034287
-472000	0.033788	0.396301	-1.341603	0.032905
-471000	0.033141	0.396998	-1.029976	0.028412
-470000	0.032464	0.397972	-0.718190	0.021362
-469000	0.031758	0.399204	-0.406347	0.012552
-468000	0.031024	0.400667	-0.094536	0.002928
-467000	0.030263	0.402328	-6.066008	-0.006521
-466000	0.029478	0.404149	-5.754434	-0.014870
-465000	0.028671	0.406086	-5.443010	-0.021353
-464000	0.027842	0.408089	-5.131718	-0.025430
-463000	0.026994	0.410110	-4.820504	-0.026836
-462000	0.026129	0.412096	-4.509277	-0.025592
-461000	0.025248	0.413996	-4.197912	-0.021980
-460000	0.024355	0.415759	-3.886242	-0.016506
-459000	0.023451	0.417338	-3.574065	-0.009829
-458000	0.022539	0.418688	-3.261138	-0.002688
-457000	0.021621	0.419770	-2.947178	0.004177
-456000	0.020700	0.420551	-2.631858	0.010100
-455000	0.019778	0.421004	-2.314808	0.014552
-454000	0.018860	0.421109	-1.995610	0.017184
-453000	0.017948	0.420854	-1.673795	0.017853
-452000	0.017046	0.420235	-1.348841	0.016628
-451000	0.016158	0.419259	-1.020166	0.013770
-450000	0.015290	0.417941	-0.687133	0.009698
-449000	0.014444	0.416304	-0.349043	0.004940
-448000	0.013629	0.414382	-0.005153	0.000070
-447000	0.012849	0.412217	-5.937867	-0.004350
-446000	0.012113	0.409860	-5.580039	-0.007833
-445000	0.011429	0.407368	-5.214131	-0.010020
-444000	0.010805	0.404806	-4.839564	-0.010718
-443000	0.010251	0.402241	-4.456019	-0.009916
-442000	0.009777	0.399744	-4.063591	-0.007791
-441000	0.009392	0.397386	-3.662937	-0.004678
-440000	0.009104	0.395236	-3.255394	-0.001034
-439000	0.008918	0.393358	-2.842980	0.002624
-438000	0.008836	0.391810	-2.428245	0.005782
-437000	0.008856	0.390642	-2.013978	0.008000
-436000	0.008971	0.389891	-1.602841	0.008966
-435000	0.009172	0.389583	-1.197056	0.008539
-434000	0.009448	0.389731	-0.798224	0.006766
-433000	0.009787	0.390334	-0.407302	0.003877
-432000	0.010176	0.391376	-0.024694	0.000251
-431000	0.010605	0.392829	-5.933573	-0.003632
-430000	0.011063	0.394653	-5.567283	-0.007260
-429000	0.011541	0.396797	-5.208566	-0.010149
-428000	0.012032	0.399203	-4.856900	-0.011907
-427000	0.012529	0.401804	-4.511739	-0.012278
-426000	0.013028	0.404531	-4.172538	-0.011175
-425000	0.013522	0.407313	-3.838772	-0.008682
-424000	0.014009	0.410080	-3.509938	-0.005044
-423000	0.014485	0.412763	-3.185562	-0.000637
-422000	0.014948	0.415299	-2.865193	0.004079
-421000	0.015395	0.417630	-2.548405	0.008606
-420000	0.015824	0.419705	-2.234794	0.012462
-419000	0.016235	0.421481	-1.923977	0.015233
-418000	0.016624	0.422923	-1.615590	0.016608
-417000	0.016992	0.424004	-1.309289	0.016414
-416000	0.017337	0.424707	-1.004749	0.014633
-415000	0.017659	0.425021	-0.701661	0.011398
-414000	0.017956	0.424946	-0.399733	0.006988
-413000	0.018229	0.424487	-0.098690	0.001796
-412000	0.018476	0.423660	-6.081460	-0.003702
-411000	0.018698	0.422484	-5.781432	-0.008993
-410000	0.018895	0.420988	-5.481568	-0.013576
-409000	0.019065	0.419204	-5.181662	-0.017004
-408000	0.019209	0.417172	-4.881531	-0.018935
-407000	0.019327	0.414936	-4.581010	-0.019160
-406000	0.019418	0.412542	-4.279958	-0.017631
-405000	0.019483	0.410042	-3.978259	-0.014465
-404000	0.019522	0.407489	-3.675820	-0.009940
-403000	0.019535	0.404936	-3.372576	-0.004472
-402000	0.019521	0.402436	-3.068487	0.001426
-401000	0.019481	0.400042	-2.763538	0.007191
-400000	0.019414	0.397805	-2.457742	0.012266
-399000	0.019322	0.395769	-2.151134	0.016159
-398000	0.019204	0.393978	-1.843770	0.018493
-397000	0.019060	0.392466	-1.535724	0.019048
-396000	0.018891	0.391266	-1.227086	0.017786
-395000	0.018696	0.390399	-0.917957	0.014851
-394000	0.018475	0.389881	-0.608447	0.010560
-393000	0.018230	0.389722	-0.298664	0.005364
-392000	0.017959	0.389921	-6.271905	-0.000203
-391000	0.017664	0.390473	-5.961903	-0.005578
-390000	0.017345	0.391364	-5.651933	-0.010236
-389000	0.017000	0.392573	-5.342075	-0.013740
-388000	0.016632	0.394073	-5.032385	-0.015788
-387000	0.016240	0.395834	-4.722896	-0.016239
-386000	0.015825	0.397817	-4.413612	-0.015124
-385000	0.015386	0.399982	-4.104505	-0.012630
-384000	0.014925	0.402287	-3.795508	-0.009079
-383000	0.014441	0.404684	-3.486513	-0.004883
-382000	0.013936	0.407126	-3.177364	-0.000498
-381000	0.013410	0.409566	-2.867848	0.003625
-380000	0.012864	0.411957	-2.557691	0.007091
-379000	0.012298	0.414252	-2.246545	0.009595
-378000	0.011714	0.416408	-1.933971	0.010950
-377000	0.011114	0.418381	-1.619423	0.011101
-376000	0.010498	0.420135	-1.302214	0.010122
-375000	0.009870	0.421632	-0.981483	0.008205
-374000	0.009233	0.422843	-0.656137	0.005632
-373000	0.008589	0.423740	-0.324776	0.002741
-372000	0.007945	0.424303	-6.268777	-0.000114
-371000	0.007306	0.424513	-5.919434	-0.002599
-370000	0.006684	0.424362	-5.556922	-0.004439
-369000	0.006091	0.423844	-5.177464	-0.005444
-368000	0.005545	0.422963	-4.776625	-0.005534
-367000	0.005073	0.421728	-4.349967	-0.004743
-366000	0.004707	0.420157	-3.894822	-0.003219
-365000	0.004483	0.418276	-3.413392	-0.001204
-364000	0.004435	0.416119	-2.915537	0.000994
-363000	0.004578	0.413727	-2.417434	0.003033
-362000	0.004902	0.411151	-1.934912	0.004581
-361000	0.005384	0.408447	-1.477138	0.005360
-360000	0.005990	0.405678	-1.045796	0.005183
-359000	0.006692	0.402913	-0.638057	0.003986
-358000	0.007467	0.400223	-0.249581	0.001844
-357000	0.008297	0.397678	-6.159349	-0.001025
-356000	0.009170	0.395349	-5.797509	-0.004280
-355000	0.010075	0.393302	-5.444563	-0.007493
-354000	0.011006	0.391598	-5.098517	-0.010196
-353000	0.011957	0.390288	-4.757927	-0.011944
-352000	0.012923	0.389413	-4.421763	-0.012381
-351000	0.013901	0.389000	-4.089307	-0.011289
-350000	0.014887	0.389064	-3.760069	-0.008632
-349000	0.015879	0.389604	-3.433725	-0.004573
-348000	0.016874	0.390607	-3.110066	0.000532
-347000	0.017870	0.392041	-2.788961	0.006172
-346000	0.018864	0.393866	-2.470327	0.011733
-345000	0.019855	0.396028	-2.154106	0.016572
-344000	0.020840	0.398463	-1.840249	0.020088
-343000	0.021818	0.401100	-1.528701	0.021798
-342000	0.022786	0.403864	-1.219395	0.021393
-341000	0.023743	0.406678	-0.912245	0.018778
-340000	0.024687	0.409464	-0.607146	0.014085
-339000	0.025617	0.412147	-0.303968	0.007667
-338000	0.026530	0.414656	-0.002563	0.000068
-337000	0.027426	0.416926	-5.985950	-0.008032
-336000	0.028301	0.418903	-5.687574	-0.015878
-335000	0.029156	0.420537	-5.390426	-0.022707
-334000	0.029988	0.421791	-5.094303	-0.027827
-333000	0.030795	0.422638	-4.798992	-0.030680
-332000	0.031577	0.423060	-4.504282	-0.030896
-331000	0.032332	0.423052	-4.209959	-0.028336
-330000	0.033058	0.422619	-3.915813	-0.023113
-329000	0.033754	0.421777	-3.621640	-0.015588
-328000	0.034419	0.420552	-3.327247	-0.006353
-327000	0.035052	0.418979	-3.032454	0.003818
-326000	0.035651	0.417104	-2.737099	0.014031
-325000	0.036216	0.414981	-2.441042	0.023346
-324000	0.036745	0.412668	-2.144169	0.030868
-323000	0.037237	0.410230	-1.846396	0.035832
-322000	0.037692	0.407738	-1.547673	0.037682
-321000	0.038108	0.405259	-1.247986	0.036140
-320000	0.038486	0.402865	-0.947359	0.031246
-319000	0.038824	0.400622	-0.645854	0.023367
-318000	0.039121	0.398591	-0.343572	0.013178
-317000	0.039377	0.396829	-0.040644	0.001600
-316000	0.039593	0.395381	-6.020419	-0.010284
-315000	0.039766	0.394284	-5.716715	-0.021341
-314000	0.039898	0.393561	-5.412922	-0.030502
-313000	0.039988	0.393227	-5.109256	-0.036880
-312000	0.040035	0.393282	-4.805937	-0.039860
-311000	0.040041	0.393715	-4.503180	-0.039168
-310000	0.040005	0.394503	-4.201188	-0.034890
-309000	0.039927	0.395616	-3.900149	-0.027464
-308000	0.039807	0.397012	-3.600227	-0.017624
-307000	0.039647	0.398646	-3.301561	-0.006315
-306000	0.039446	0.400465	-3.004265	0.005400
-305000	0.039205	0.402417	-2.708423	0.016456
-304000	0.038924	0.404446	-2.414090	0.025885
-303000	0.038606	0.406499	-2.121300	0.032902
-302000	0.038250	0.408524	-1.830059	0.036971
-301000	0.037857	0.410472	-1.540357	0.037840
-300000	0.037429	0.412300	-1.252167	0.035545
-299000	0.036967	0.413969	-0.965449	0.030398
-298000	0.036472	0.415448	-0.680155	0.022938
-297000	0.035946	0.416707	-0.396235	0.013873
-296000	0.035390	0.417728	-0.113632	0.004013
-295000	0.034805	0.418494	-6.115481	-0.005810
-294000	0.034195	0.418995	-5.835361	-0.014806
-293000	0.033560	0.419228	-5.556415	-0.022299
-292000	0.032902	0.419192	-5.278608	-0.027767
-291000	0.032224	0.418893	-5.001913	-0.030883
-290000	0.031528	0.418339	-4.726315	-0.031525
-289000	0.030817	0.417543	-4.451810	-0.029777
-288000	0.030093	0.416522	-4.178405	-0.025904
-287000	0.029359	0.415296	-3.906122	-0.020322
-286000	0.028618	0.413885	-3.634996	-0.013554
-285000	0.027873	0.412317	-3.365078	-0.006177
-284000	0.027127	0.410617	-3.096431	0.001225
-283000	0.026385	0.408817	-2.829135	0.008111
-282000	0.025650	0.406948	-2.563285	0.014021
-281000	0.024926	0.405043	-2.298986	0.018604
-280000	0.024218	0.403140	-2.036358	0.021640
-279000	0.023529	0.401274	-1.775527	0.023038
-278000	0.022866	0.399484	-1.516624	0.022833
-277000	0.022233	0.397809	-1.259777	0.021167
-276000	0.021636	0.396288	-1.005102	0.018265
-275000	0.021079	0.394957	-0.752698	0.014410
-274000	0.020569	0.393853	-0.502628	0.009909
-273000	0.020111	0.393009	-0.254913	0.005071
-272000	0.019710	0.392455	-0.009519	0.000188
-271000	0.019370	0.392214	-6.049528	-0.004485
-270000	0.019097	0.392304	-5.808400	-0.008730
-269000	0.018894	0.392737	-5.569076	-0.012374
-268000	0.018763	0.393515	-5.331249	-0.015283
-267000	0.018706	0.394633	-5.094561	-0.017357
-266000	0.018724	0.396075	-4.858622	-0.018524
-265000	0.018816	0.397819	-4.623032	-0.018741
-264000	0.018979	0.399831	-4.387405	-0.017986
-263000	0.019212	0.402072	-4.151390	-0.016268
-262000	0.019511	0.404494	-3.914681	-0.013626
-261000	0.019871	0.407044	-3.677028	-0.010139
-260000	0.020289	0.409663	-3.438242	-0.005931
-259000	0.020757	0.412290	-3.198181	-0.001174
-258000	0.021273	0.414864	-2.956754	0.003910
-257000	0.021830	0.417321	-2.713902	0.009055
-256000	0.022425	0.419600	-2.469592	0.013961
-255000	0.023051	0.421644	-2.223808	0.018309
-254000	0.023706	0.423398	-1.976536	0.021781
-253000	0.024384	0.424815	-1.727765	0.024084
-252000	0.025083	0.425851	-1.477474	0.024973
-251000	0.025798	0.426474	-1.225634	0.024276
-250000	0.026527	0.426655	-0.972198	0.021915
-249000	0.027267	0.426379	-0.717109	0.017920
-248000	0.028015	0.425638	-0.460292	0.012445
-247000	0.028770	0.424436	-0.201658	0.005762
-246000	0.029528	0.422788	-6.224296	-0.001738
-245000	0.030289	0.420721	-5.961729	-0.009570
-244000	0.031050	0.418272	-5.697038	-0.017175
-243000	0.031810	0.415493	-5.430119	-0.023962
-242000	0.032567	0.412445	-5.160885	-0.029347
-241000	0.033321	0.409200	-4.889265	-0.032801
-240000	0.034070	0.405838	-4.615217	-0.033909
-239000	0.034813	0.402447	-4.338733	-0.032411
-238000	0.035549	0.399119	-4.059845	-0.028245
-237000	0.036277	0.395947	-3.778631	-0.021578
-236000	0.036996	0.393024	-3.495217	-0.012812
-235000	0.037705	0.390435	-3.209774	-0.002569
-234000	0.038404	0.388260	-2.922522	0.008346
-233000	0.039091	0.386565	-2.633720	0.019011
-232000	0.039766	0.385404	-2.343663	0.028469
-231000	0.040428	0.384811	-2.052670	0.035824
-230000	0.041076	0.384806	-1.761072	0.040334
-229000	0.041709	0.385388	-1.469206	0.041494
-228000	0.042327	0.386538	-1.177398	0.039093
-227000	0.042928	0.388218	-0.885954	0.033249
-226000	0.043512	0.390377	-0.595148	0.024394
-225000	0.044079	0.392946	-0.305218	0.013246
-224000	0.044626	0.395848	-0.016353	0.000730
-223000	0.045154	0.398998	-6.011880	-0.012101
-222000	0.045661	0.402304	-5.725517	-0.024164
-221000	0.046147	0.405676	-5.440486	-0.034446
-220000	0.046611	0.409022	-5.156779	-0.042084
-219000	0.047051	0.412258	-4.874342	-0.046435
-218000	0.047467	0.415304	-4.593081	-0.047130
-217000	0.047858	0.418091	-4.312874	-0.044089
-216000	0.048224	0.420558	-4.033570	-0.037533
-215000	0.048562	0.422656	-3.755003	-0.027955
-214000	0.048873	0.424347	-3.476993	-0.016086
-213000	0.049155	0.425603	-3.199354	-0.002838
-212000	0.049408	0.426411	-2.921897	0.010768
-211000	0.049630	0.426764	-2.644439	0.023670
-210000	0.049822	0.426670	-2.366798	0.034854
-209000	0.049982	0.426142	-2.088806	0.043424
-208000	0.050109	0.425205	-1.810303	0.048678
-207000	0.050203	0.423891	-1.531145	0.050163
-206000	0.050263	0.422239	-1.251201	0.047718
-205000	0.050289	0.420294	-0.970362	0.041493
-204000	0.050279	0.418107	-0.688534	0.031948
-203000	0.050235	0.415732	-0.405649	0.019823
-202000	0.050154	0.413225	-0.121661	0.006087
-201000	0.050037	0.410646	-6.119734	-0.008142
-200000	0.049884	0.408052	-5.833502	-0.021683
-199000	0.049694	0.405502	-5.546185	-0.033398
-198000	0.049467	0.403050	-5.257841	-0.042289
-197000	0.049203	0.400746	-4.968555	-0.047598
-196000	0.048903	0.398638	-4.678438	-0.048875
-195000	0.048566	0.396764	-4.387623	-0.046027
-194000	0.048193	0.395159	-4.096260	-0.039331
-193000	0.047784	0.393847	-3.804519	-0.029407
-192000	0.047339	0.392849	-3.512581	-0.017162
-191000	0.046860	0.392174	-3.220635	-0.003700
-190000	0.046346	0.391827	-2.928874	0.009785
-189000	0.045800	0.391804	-2.637495	0.022122
-188000	0.045221	0.392096	-2.346692	0.032279
-187000	0.044611	0.392689	-2.056651	0.039449
-186000	0.043972	0.393561	-1.767553	0.043123
-185000	0.043304	0.394689	-1.479570	0.043124
-184000	0.042609	0.396045	-1.192861	0.039602
-183000	0.041890	0.397597	-0.907575	0.033010
-182000	0.041147	0.399312	-0.623848	0.024037
-181000	0.040383	0.401155	-0.341803	0.013536
-180000	0.039601	0.403091	-0.061552	0.002436
-179000	0.038802	0.405081	-6.066383	-0.008347
-178000	0.037990	0.407088	-5.790014	-0.017985
-177000	0.037168	0.409076	-5.515711	-0.025806
-176000	0.036337	0.411008	-5.243547	-0.031331
-175000	0.035503	0.412847	-4.973585	-0.034299
-174000	0.034668	0.414560	-4.705880	-0.034668
-173000	0.033837	0.416114	-4.440480	-0.032594
-172000	0.033014	0.417478	-4.177422	-0.028401
-171000	0.032202	0.418625	-3.916734	-0.022535
-170000	0.031407	0.419530	-3.658430	-0.015519
-169000	0.030634	0.420172	-3.402509	-0.007902
-168000	0.029887	0.420532	-3.148947	-0.000220
-167000	0.029172	0.420599	-2.897697	0.007045
-166000	0.028495	0.420362	-2.648677	0.013484
-165000	0.027861	0.419820	-2.401771	0.018783
-164000	0.027275	0.418975	-2.156815	0.022724
-163000	0.026744	0.417838	-1.913601	0.025187
-162000	0.026271	0.416424	-1.671865	0.026137
-161000	0.025862	0.414757	-1.431293	0.025610
-160000	0.025520	0.412869	-1.191521	0.023707
-159000	0.025250	0.410799	-0.952140	0.020570
-158000	0.025053	0.408592	-0.712712	0.016382
-157000	0.024932	0.406302	-0.472785	0.011353
-156000	0.024885	0.403986	-0.231908	0.005720
-155000	0.024914	0.401708	-6.272841	-0.000258
-154000	0.025016	0.399531	-6.028834	-0.006294
-153000	0.025188	0.397522	-5.782753	-0.012085
-152000	0.025427	0.395743	-5.534360	-0.017310
-151000	0.025728	0.394253	-5.283500	-0.021645
-150000	0.026086	0.393105	-5.030107	-0.024780
-149000	0.026495	0.392340	-4.774201	-0.026445
-148000	0.026951	0.391991	-4.515881	-0.026433
-147000	0.027447	0.392078	-4.255309	-0.024630
-146000	0.027978	0.392604	-3.992700	-0.021039
-145000	0.028537	0.393562	-3.728307	-0.015799
-144000	0.029119	0.394927	-3.462397	-0.009182
-143000	0.029719	0.396663	-3.195246	-0.001594
-142000	0.030332	0.398721	-2.927119	0.006456
-141000	0.030954	0.401041	-2.658260	0.014385
-140000	0.031579	0.403554	-2.388883	0.021588
-139000	0.032205	0.406188	-2.119169	0.027483
-138000	0.032827	0.408864	-1.849257	0.031562
-137000	0.033441	0.411504	-1.579244	0.033440
-136000	0.034046	0.414032	-1.309189	0.032887
-135000	0.034637	0.416375	-1.039110	0.029856
-134000	0.035213	0.418466	-0.768990	0.024488
-133000	0.035771	0.420245	-0.498781	0.017111
-132000	0.036309	0.421663	-0.228406	0.008221
-131000	0.036826	0.422679	-6.240952	-0.001555
-130000	0.037319	0.423264	-5.969931	-0.011500
-129000	0.037788	0.423398	-5.698395	-0.020860
-128000	0.038231	0.423077	-5.426203	-0.028898
-127000	0.038647	0.422304	-5.153208	-0.034952
-126000	0.039035	0.421099	-4.879261	-0.038493
-125000	0.039395	0.419490	-4.604217	-0.039165
-124000	0.039726	0.417518	-4.327939	-0.036826
-123000	0.040028	0.415234	-4.050303	-0.031570
-122000	0.040300	0.412698	-3.771206	-0.023730
-121000	0.040542	0.409979	-3.490568	-0.013863
-120000	0.040754	0.407153	-3.208337	-0.002718
-119000	0.040937	0.404298	-2.924498	0.008817
-118000	0.041090	0.401498	-2.639074	0.019790
-117000	0.041213	0.398833	-2.352127	0.029260
-116000	0.041307	0.396381	-2.063761	0.036389
-115000	0.041373	0.394215	-1.774122	0.040521
-114000	0.041411	0.392400	-1.483394	0.041253
-113000	0.041420	0.390988	-1.191793	0.038481
-112000	0.041403	0.390020	-0.899564	0.032421
-111000	0.041360	0.389523	-0.606968	0.023591
-110000	0.041290	0.389507	-0.314281	0.012764
-109000	0.041196	0.389969	-0.021773	0.000897
-108000	0.041077	0.390890	-6.012896	-0.010968
-107000	0.040935	0.392238	-5.721523	-0.021802
-106000	0.040770	0.393967	-5.431059	-0.030687
-105000	0.040583	0.396023	-5.141690	-0.036900
-104000	0.040375	0.398342	-4.853563	-0.039973
-103000	0.040146	0.400856	-4.566785	-0.039721
-102000	0.039898	0.403495	-4.281421	-0.036250
-101000	0.039631	0.406188	-3.997494	-0.029928
-100000	0.039347	0.408865	-3.714992	-0.021345
-99000	0.039045	0.411462	-3.433864	-0.011250
-98000	0.038726	0.413919	-3.154032	-0.000482
-97000	0.038392	0.416183	-2.875396	0.010099
-96000	0.038042	0.418208	-2.597836	0.019681
-95000	0.037678	0.419957	-2.321217	0.027558
-94000	0.037300	0.421401	-2.045401	0.033177
-93000	0.036908	0.422516	-1.770241	0.036176
-92000	0.036504	0.423291	-1.495595	0.036400
-91000	0.036087	0.423716	-1.221319	0.033905
-90000	0.035658	0.423793	-0.947277	0.028948
-89000	0.035217	0.423527	-0.673338	0.021962
-88000	0.034766	0.422928	-0.399376	0.013518
-87000	0.034303	0.422015	-0.125275	0.004286
-86000	0.033830	0.420808	-6.134113	-0.005025
-85000	0.033347	0.419332	-5.859418	-0.013712
-84000	0.032854	0.417618	-5.584286	-0.021137
-83000	0.032351	0.415699	-5.308637	-0.026768
-82000	0.031838	0.413609	-5.032405	-0.030221
-81000	0.031316	0.411389	-4.755536	-0.031287
-80000	0.030785	0.409078	-4.477990	-0.029943
-79000	0.030244	0.406720	-4.199746	-0.026356
-78000	0.029695	0.404358	-3.920800	-0.020867
-77000	0.029138	0.402035	-3.641172	-0.013959
-76000	0.028572	0.399796	-3.360900	-0.006216
-75000	0.027999	0.397685	-3.080048	0.001722
-74000	0.027417	0.395742	-2.798705	0.009218
-73000	0.026829	0.394009	-2.516984	0.015689
-72000	0.026234	0.392521	-2.235025	0.020656
-71000	0.025632	0.391312	-1.952992	0.023782
-70000	0.025025	0.390412	-1.671074	0.024899
-69000	0.024412	0.389843	-1.389480	0.024012
-68000	0.023795	0.389624	-1.108443	0.021297
-67000	0.023175	0.389767	-0.828209	0.017074
-66000	0.022553	0.390274	-0.549043	0.011770
-65000	0.021929	0.391142	-0.271216	0.005875
-64000	0.021305	0.392360	-6.278193	-0.000106
-63000	0.020682	0.393907	-6.003886	-0.005702
-62000	0.020063	0.395756	-5.731760	-0.010511
-61000	0.019449	0.397872	-5.462087	-0.014234
-60000	0.018841	0.400213	-5.195133	-0.016688
-59000	0.018243	0.402730	-4.931146	-0.017808
-58000	0.017656	0.405370	-4.670357	-0.017640
-57000	0.017083	0.408078	-4.412973	-0.016323
-56000	0.016529	0.410794	-4.159171	-0.014063
-55000	0.015994	0.413458	-3.909097	-0.011105
-54000	0.015484	0.416011	-3.662850	-0.007711
-53000	0.015002	0.418397	-3.420478	-0.004130
-52000	0.014551	0.420560	-3.181965	-0.000587
-51000	0.014136	0.422450	-2.947217	0.002730
-50000	0.013761	0.424024	-2.716049	0.005681
-49000	0.013429	0.425241	-2.488168	0.008164
-48000	0.013145	0.426070	-2.263170	0.010118
-47000	0.012910	0.426487	-2.040528	0.011512
-46000	0.012728	0.426475	-1.819602	0.012336
-45000	0.012600	0.426027	-1.599653	0.012595
-44000	0.012527	0.425146	-1.379866	0.012300
-43000	0.012509	0.423841	-1.159390	0.011465
-42000	0.012544	0.422136	-0.937376	0.010111
-41000	0.012630	0.420061	-0.713021	0.008262
-40000	0.012764	0.417659	-0.485600	0.005957
-39000	0.012941	0.414981	-0.254501	0.003258
-38000	0.013158	0.412088	-0.019236	0.000253
-37000	0.013410	0.409049	-6.062637	-0.002934
-36000	0.013691	0.405939	-5.818115	-0.006140
-35000	0.013997	0.402839	-5.568761	-0.009170
-34000	0.014322	0.399832	-5.314597	-0.011803
-33000	0.014663	0.397000	-5.055745	-0.013807
-32000	0.015014	0.394423	-4.792415	-0.014966
-31000	0.015372	0.392174	-4.524888	-0.015102
-30000	0.015732	0.390318	-4.253505	-0.014104
-29000	0.016090	0.388911	-3.978653	-0.011950
-28000	0.016445	0.387992	-3.700748	-0.008723
-27000	0.016791	0.387586	-3.420226	-0.004618
-26000	0.017128	0.387703	-3.137524	0.000070
-25000	0.017451	0.388335	-2.853074	0.004965
-24000	0.017759	0.389459	-2.567287	0.009648
-23000	0.018050	0.391036	-2.280544	0.013691
-22000	0.018321	0.393014	-1.993187	0.016711
-21000	0.018572	0.395329	-1.705510	0.018403
-20000	0.018800	0.397910	-1.417758	0.018580
-19000	0.019003	0.400678	-1.130123	0.017188
-18000	0.019182	0.403551	-0.842742	0.014319
-17000	0.019335	0.406450	-0.555700	0.010200
-16000	0.019460	0.409293	-0.269033	0.005172
-15000	0.019557	0.412009	0.017267	-0.000338
-14000	0.019626	0.414527	0.303244	-0.005861
-13000	0.019665	0.416790	0.588979	-0.010924
-12000	0.019675	0.418746	0.874576	-0.015096
-11000	0.019655	0.420355	1.160159	-0.018021
-10000	0.019605	0.421587	1.445868	-0.019452
-9000	0.019524	0.422423	1.731851	-0.019271
-8000	0.019413	0.422852	2.018264	-0.017502
-7000	0.019272	0.422875	2.305261	-0.014303
-6000	0.019101	0.422503	2.592997	-0.009961
-5000	0.018900	0.421754	2.881622	-0.004858
-4000	0.018670	0.420656	3.171280	0.000554
-3000	0.018410	0.419243	3.462104	0.005800
-2000	0.018123	0.417557	3.754216	0.010421
-1000	0.017808	0.415646	4.047725	0.014017
0	0.017466	0.413562	4.342722	0.016286
